{
 "cells": [
  {
   "cell_type": "code",
   "execution_count": 1,
   "id": "97640db2",
   "metadata": {},
   "outputs": [
    {
     "name": "stderr",
     "output_type": "stream",
     "text": [
      "C:\\Users\\user\\AppData\\Local\\Packages\\PythonSoftwareFoundation.Python.3.12_qbz5n2kfra8p0\\LocalCache\\local-packages\\Python312\\site-packages\\tqdm\\auto.py:21: TqdmWarning: IProgress not found. Please update jupyter and ipywidgets. See https://ipywidgets.readthedocs.io/en/stable/user_install.html\n",
      "  from .autonotebook import tqdm as notebook_tqdm\n"
     ]
    },
    {
     "name": "stdout",
     "output_type": "stream",
     "text": [
      "[2026-04-27 20:12:59] [ELAPSED 00:00:00] スクリプト開始\n",
      "[2026-04-27 20:12:59] [ELAPSED 00:00:00] START TIME = 2026-04-27 20:12:59\n",
      "[2026-04-27 20:12:59] [ELAPSED 00:00:00] 乱数シード設定: seed=42\n",
      "[2026-04-27 20:12:59] [ELAPSED 00:00:00] [START] 入力ファイル確認\n",
      "[2026-04-27 20:12:59] [ELAPSED 00:00:00] 確認OK: ./transactions/txs_features.txt\n",
      "[2026-04-27 20:12:59] [ELAPSED 00:00:00] 確認OK: ./transactions/txs_classes.txt\n",
      "[2026-04-27 20:12:59] [ELAPSED 00:00:00] 確認OK: ./transactions/txs_edgelist.txt\n",
      "[2026-04-27 20:12:59] [ELAPSED 00:00:00] [END] 入力ファイル確認 | phase_elapsed=00:00:00\n",
      "[2026-04-27 20:12:59] [ELAPSED 00:00:00] [START] 生データ読み込み\n",
      "[2026-04-27 20:12:59] [ELAPSED 00:00:00] txs_features 読み込み中...\n",
      "[2026-04-27 20:13:10] [ELAPSED 00:00:10] txs_features 読み込み完了: shape=(203769, 184)\n",
      "[2026-04-27 20:13:10] [ELAPSED 00:00:10] txs_classes 読み込み中...\n",
      "[2026-04-27 20:13:10] [ELAPSED 00:00:10] txs_classes 読み込み完了: shape=(203769, 2)\n",
      "[2026-04-27 20:13:10] [ELAPSED 00:00:10] txs_edgelist 読み込み中...\n",
      "[2026-04-27 20:13:10] [ELAPSED 00:00:10] txs_edgelist 読み込み完了: shape=(234355, 2)\n",
      "\n",
      "=== Features overview ===\n",
      "    txId  Time step  Local_feature_1  Local_feature_2  Local_feature_3  \\\n",
      "0   3321          1        -0.169615        -0.184668        -1.201369   \n",
      "1  11108          1        -0.137586        -0.184668        -1.201369   \n",
      "2  51816          1        -0.170103        -0.184668        -1.201369   \n",
      "3  68869          1        -0.114267        -0.184668        -1.201369   \n",
      "4  89273          1         5.202107        -0.210553        -1.756361   \n",
      "\n",
      "   Local_feature_4  Local_feature_5  Local_feature_6  Local_feature_7  \\\n",
      "0        -0.121970        -0.043875        -0.113002        -0.061584   \n",
      "1        -0.121970        -0.043875        -0.113002        -0.061584   \n",
      "2        -0.121970        -0.043875        -0.113002        -0.061584   \n",
      "3         0.028105        -0.043875        -0.113002         0.547008   \n",
      "4        -0.121970       260.090707        -0.113002        -0.061584   \n",
      "\n",
      "   Local_feature_8  ...  in_BTC_min  in_BTC_max  in_BTC_mean  in_BTC_median  \\\n",
      "0        -0.160199  ...    0.534072    0.534072     0.534072       0.534072   \n",
      "1        -0.127429  ...    5.611878    5.611878     5.611878       5.611878   \n",
      "2        -0.160699  ...    0.456608    0.456608     0.456608       0.456608   \n",
      "3        -0.161652  ...    0.308900    8.000000     3.102967       1.000000   \n",
      "4         5.335864  ...  852.164680  852.164680   852.164680     852.164680   \n",
      "\n",
      "   in_BTC_total   out_BTC_min  out_BTC_max  out_BTC_mean  out_BTC_median  \\\n",
      "0      0.534072  1.668990e-01     0.367074      0.266986        0.266986   \n",
      "1      5.611878  5.861940e-01     5.025584      2.805889        2.805889   \n",
      "2      0.456608  2.279902e-01     0.228518      0.228254        0.228254   \n",
      "3      9.308900  1.229000e+00     8.079800      4.654400        4.654400   \n",
      "4    852.164680  1.300000e-07    41.264036      0.065016        0.000441   \n",
      "\n",
      "   out_BTC_total  \n",
      "0       0.533972  \n",
      "1       5.611778  \n",
      "2       0.456508  \n",
      "3       9.308800  \n",
      "4     852.164680  \n",
      "\n",
      "[5 rows x 184 columns]\n",
      "missing values total: 16405\n",
      "\n",
      "=== Classes overview ===\n",
      "class\n",
      "3    157205\n",
      "2     42019\n",
      "1      4545\n",
      "Name: count, dtype: int64\n",
      "\n",
      "=== Edges overview ===\n",
      "       txId1      txId2\n",
      "0  230425980    5530458\n",
      "1  232022460  232438397\n",
      "2  230460314  230459870\n",
      "3  230333930  230595899\n",
      "4  232013274  232029206\n",
      "duplicate edges: 0\n",
      "[2026-04-27 20:13:10] [ELAPSED 00:00:10] [END] 生データ読み込み | phase_elapsed=00:00:10\n",
      "[2026-04-27 20:13:10] [ELAPSED 00:00:10] [START] PyG Data 構築\n",
      "[2026-04-27 20:13:10] [ELAPSED 00:00:10] ノードID列: txId\n",
      "[2026-04-27 20:13:10] [ELAPSED 00:00:10] time step 範囲: min=1, max=49\n",
      "[2026-04-27 20:13:10] [ELAPSED 00:00:10] 特徴量列数: 182\n",
      "[2026-04-27 20:13:12] [ELAPSED 00:00:12] x shape: (203769, 182)\n",
      "[2026-04-27 20:13:12] [ELAPSED 00:00:12] x NaN: False\n",
      "[2026-04-27 20:13:12] [ELAPSED 00:00:12] x Inf: False\n",
      "[2026-04-27 20:13:12] [ELAPSED 00:00:12] ノード数: 203769\n",
      "[2026-04-27 20:13:12] [ELAPSED 00:00:13] ラベル分布:\n",
      "-1    157205\n",
      " 0      4545\n",
      " 1     42019\n",
      "Name: count, dtype: int64\n",
      "[2026-04-27 20:13:12] [ELAPSED 00:00:13] 元エッジ数: 234355\n",
      "[2026-04-27 20:13:13] [ELAPSED 00:00:13] edge_index shape: (2, 672479)\n",
      "[2026-04-27 20:13:13] [ELAPSED 00:00:13] スキップされたエッジ数: 0\n",
      "[2026-04-27 20:13:13] [ELAPSED 00:00:13] [END] PyG Data 構築 | phase_elapsed=00:00:02\n",
      "[2026-04-27 20:13:13] [ELAPSED 00:00:13] [START] unknown ノード中心性分析\n",
      "[2026-04-27 20:13:13] [ELAPSED 00:00:13] NetworkX グラフへ変換中...\n",
      "[2026-04-27 20:13:15] [ELAPSED 00:00:15] NetworkX グラフ変換完了: nodes=203769, edges=438124\n",
      "[2026-04-27 20:13:15] [ELAPSED 00:00:15] 自己ループ削除中...\n",
      "[2026-04-27 20:13:15] [ELAPSED 00:00:15] 自己ループ削除後: nodes=203769, edges=234355\n",
      "[2026-04-27 20:13:15] [ELAPSED 00:00:15] unknown ノード数: 157205\n",
      "[2026-04-27 20:13:15] [ELAPSED 00:00:15] 次数を取得中...\n",
      "[2026-04-27 20:13:15] [ELAPSED 00:00:15] 次数取得完了\n",
      "[2026-04-27 20:13:15] [ELAPSED 00:00:15] 次数中心性を計算中...\n",
      "[2026-04-27 20:13:15] [ELAPSED 00:00:15] 次数中心性 計算完了\n",
      "[2026-04-27 20:13:15] [ELAPSED 00:00:15] 媒介中心性を近似計算中... k=100\n",
      "[2026-04-27 20:13:45] [ELAPSED 00:00:45] 媒介中心性 近似計算完了\n",
      "[2026-04-27 20:13:45] [ELAPSED 00:00:45] PageRank を計算中...\n",
      "[2026-04-27 20:13:47] [ELAPSED 00:00:47] PageRank 計算完了\n",
      "[2026-04-27 20:13:47] [ELAPSED 00:00:47] 固有ベクトル中心性を計算中...\n",
      "[2026-04-27 20:14:03] [ELAPSED 00:01:03] 固有ベクトル中心性 計算完了\n",
      "[2026-04-27 20:14:03] [ELAPSED 00:01:03] unknown ノードごとの中心性テーブル作成中...\n",
      "[2026-04-27 20:14:03] [ELAPSED 00:01:03] unknown ノード集計進捗: 10000/157205\n",
      "[2026-04-27 20:14:03] [ELAPSED 00:01:03] unknown ノード集計進捗: 20000/157205\n",
      "[2026-04-27 20:14:03] [ELAPSED 00:01:03] unknown ノード集計進捗: 30000/157205\n",
      "[2026-04-27 20:14:03] [ELAPSED 00:01:03] unknown ノード集計進捗: 40000/157205\n",
      "[2026-04-27 20:14:03] [ELAPSED 00:01:03] unknown ノード集計進捗: 50000/157205\n",
      "[2026-04-27 20:14:03] [ELAPSED 00:01:03] unknown ノード集計進捗: 60000/157205\n",
      "[2026-04-27 20:14:03] [ELAPSED 00:01:03] unknown ノード集計進捗: 70000/157205\n",
      "[2026-04-27 20:14:03] [ELAPSED 00:01:03] unknown ノード集計進捗: 80000/157205\n",
      "[2026-04-27 20:14:03] [ELAPSED 00:01:03] unknown ノード集計進捗: 90000/157205\n",
      "[2026-04-27 20:14:03] [ELAPSED 00:01:03] unknown ノード集計進捗: 100000/157205\n",
      "[2026-04-27 20:14:03] [ELAPSED 00:01:03] unknown ノード集計進捗: 110000/157205\n",
      "[2026-04-27 20:14:03] [ELAPSED 00:01:03] unknown ノード集計進捗: 120000/157205\n",
      "[2026-04-27 20:14:03] [ELAPSED 00:01:03] unknown ノード集計進捗: 130000/157205\n",
      "[2026-04-27 20:14:03] [ELAPSED 00:01:03] unknown ノード集計進捗: 140000/157205\n",
      "[2026-04-27 20:14:03] [ELAPSED 00:01:03] unknown ノード集計進捗: 150000/157205\n",
      "[2026-04-27 20:14:03] [ELAPSED 00:01:04] unknown 中心性テーブル完成: shape=(157205, 8)\n",
      "[2026-04-27 20:14:03] [ELAPSED 00:01:04] [START] 中心性外れ値スコア計算\n",
      "[2026-04-27 20:14:03] [ELAPSED 00:01:04] 外れ値判定に使う中心性: ['degree', 'degree_centrality', 'betweenness_centrality', 'pagerank', 'eigenvector_centrality']\n",
      "[2026-04-27 20:14:03] [ELAPSED 00:01:04] ロバストZスコア作成: degree -> degree_rz\n",
      "[2026-04-27 20:14:03] [ELAPSED 00:01:04] ロバストZスコア作成: degree_centrality -> degree_centrality_rz\n",
      "[2026-04-27 20:14:03] [ELAPSED 00:01:04] ロバストZスコア作成: betweenness_centrality -> betweenness_centrality_rz\n",
      "[2026-04-27 20:14:03] [ELAPSED 00:01:04] ロバストZスコア作成: pagerank -> pagerank_rz\n",
      "[2026-04-27 20:14:04] [ELAPSED 00:01:04] ロバストZスコア作成: eigenvector_centrality -> eigenvector_centrality_rz\n",
      "[2026-04-27 20:14:04] [ELAPSED 00:01:04] 外れ値しきい値: 3.5\n",
      "[2026-04-27 20:14:04] [ELAPSED 00:01:04] 外れ値スコア方式: max\n",
      "[2026-04-27 20:14:04] [ELAPSED 00:01:04] 外れ値ノード数: 71404\n",
      "[2026-04-27 20:14:04] [ELAPSED 00:01:04] [END] 中心性外れ値スコア計算 | phase_elapsed=00:00:00\n",
      "\n",
      "=== unknown ノード 外れ値トップ30 ===\n",
      " node_index      txId  time_step  degree  degree_centrality  betweenness_centrality  pagerank  eigenvector_centrality  centrality_outlier_score  is_outlier         outlier_reason\n",
      "      99936 373153438         22      34           0.000167            1.312469e-04  0.000047                0.041914              7.191888e+15        True eigenvector_centrality\n",
      "      99580 372968397         22      30           0.000147            1.427863e-04  0.000042                0.040953              7.027008e+15        True eigenvector_centrality\n",
      "      99183 372868560         22      20           0.000098            9.287832e-05  0.000029                0.038853              6.666574e+15        True eigenvector_centrality\n",
      "      99544 372963037         22      17           0.000083            7.159204e-05  0.000025                0.038191              6.553037e+15        True eigenvector_centrality\n",
      "      96255 314950723         22       4           0.000020            0.000000e+00  0.000006                0.036683              6.294267e+15        True eigenvector_centrality\n",
      "      97306 368767444         22      12           0.000059            2.940048e-04  0.000018                0.036013              6.179320e+15        True eigenvector_centrality\n",
      "      98867 372812270         22       9           0.000044            1.288009e-05  0.000014                0.035146              6.030615e+15        True eigenvector_centrality\n",
      "      99182 372868505         22       4           0.000020            1.181321e-06  0.000007                0.034833              5.976823e+15        True eigenvector_centrality\n",
      "      99561 372965238         22       6           0.000029            3.459201e-05  0.000009                0.034833              5.976806e+15        True eigenvector_centrality\n",
      "      98392 372724798         22       6           0.000029            1.358912e-05  0.000009                0.034652              5.945846e+15        True eigenvector_centrality\n",
      "      97444 368795929         22       4           0.000020            2.944540e-06  0.000006                0.033696              5.781709e+15        True eigenvector_centrality\n",
      "      99921 373151580         22       7           0.000034            4.006796e-05  0.000011                0.033469              5.742811e+15        True eigenvector_centrality\n",
      "      97443 368792476         22       3           0.000015            1.374118e-06  0.000005                0.033469              5.742717e+15        True eigenvector_centrality\n",
      "      99179 372868392         22       4           0.000020            8.833619e-07  0.000008                0.033216              5.699441e+15        True eigenvector_centrality\n",
      "      98409 372726114         22       3           0.000015            8.060251e-06  0.000005                0.032722              5.614584e+15        True eigenvector_centrality\n",
      "      96103 312562314         22       7           0.000034            2.944540e-06  0.000012                0.032116              5.510580e+15        True eigenvector_centrality\n",
      "      95279 310504997         22       4           0.000020            2.719684e-06  0.000007                0.031916              5.476294e+15        True eigenvector_centrality\n",
      "      99906 373150508         22       3           0.000015            3.394389e-06  0.000006                0.031849              5.464851e+15        True eigenvector_centrality\n",
      "      96964 350873964         22       2           0.000010            1.177816e-06  0.000005                0.031783              5.453506e+15        True eigenvector_centrality\n",
      "      99850 373109465         22       1           0.000005            0.000000e+00  0.000002                0.031717              5.442186e+15        True eigenvector_centrality\n",
      "      94165  36460504         22      66           0.000324            3.746576e-05  0.000082                0.030246              5.189690e+15        True eigenvector_centrality\n",
      "      94159  31225677         22      25           0.000123            1.823209e-04  0.000031                0.020812              3.571015e+15        True eigenvector_centrality\n",
      "      94133  18740132         22      20           0.000098            2.927245e-04  0.000024                0.012023              2.063043e+15        True eigenvector_centrality\n",
      "      94106   1991588         22      29           0.000142            6.876395e-05  0.000032                0.010987              1.885250e+15        True eigenvector_centrality\n",
      "      94130  17154202         22      11           0.000054            4.917902e-06  0.000012                0.009586              1.644821e+15        True eigenvector_centrality\n",
      "      94141  24555633         22      15           0.000074            6.497102e-06  0.000017                0.008232              1.412487e+15        True eigenvector_centrality\n",
      "      98756 372750942         22       6           0.000029            0.000000e+00  0.000007                0.007750              1.329785e+15        True eigenvector_centrality\n",
      "      94198  51857079         22      17           0.000083            3.131360e-06  0.000019                0.007719              1.324509e+15        True eigenvector_centrality\n",
      "      94191  46394343         22      12           0.000059            1.356876e-05  0.000014                0.007527              1.291476e+15        True eigenvector_centrality\n",
      "      94212  68319502         22      10           0.000049            4.750469e-06  0.000012                0.007455              1.279207e+15        True eigenvector_centrality\n",
      "\n",
      "=== unknown ノード 次数トップ10 ===\n",
      " node_index      txId  time_step  degree  degree_centrality  betweenness_centrality  pagerank  eigenvector_centrality  degree_rz  degree_abs_rz  degree_centrality_rz  degree_centrality_abs_rz  betweenness_centrality_rz  betweenness_centrality_abs_rz  pagerank_rz  pagerank_abs_rz  eigenvector_centrality_rz  eigenvector_centrality_abs_rz  centrality_outlier_score  is_outlier         outlier_reason\n",
      "      30581 225859042          5     212           0.001040                0.000730  0.000320            9.924643e-09   141.6450       141.6450              141.6450                  141.6450                  66.783291                      66.783291   202.715622       202.715622               1.702921e+09                   1.702921e+09              1.702921e+09        True eigenvector_centrality\n",
      "      61697 234890810         11     199           0.000977                0.000081  0.000271            2.269225e-09   132.8765       132.8765              132.8765                  132.8765                   7.338676                       7.338676   171.327668       171.327668               3.893651e+08                   3.893651e+08              3.893651e+08        True eigenvector_centrality\n",
      "      30513 225711361          5     167           0.000820                0.000383  0.000240            5.109936e-11   111.2925       111.2925              111.2925                  111.2925                  35.000358                      35.000358   151.190933       151.190933               8.767888e+06                   8.767888e+06              8.767888e+06        True eigenvector_centrality\n",
      "      35017 121654821          6     156           0.000766                0.000137  0.000222            1.018666e-11   103.8730       103.8730              103.8730                  103.8730                  12.451413                      12.451413   140.098039       140.098039               1.747878e+06                   1.747878e+06              1.747878e+06        True eigenvector_centrality\n",
      "     129045 355174807         32     143           0.000702                0.000000  0.000209            8.295468e-13    95.1045        95.1045               95.1045                   95.1045                  -0.108496                       0.108496   131.782646       131.782646               1.423372e+05                   1.423372e+05              1.423372e+05        True eigenvector_centrality\n",
      "     142785  70245040         36     134           0.000658                0.000243  0.000165            2.312773e-12    89.0340        89.0340               89.0340                   89.0340                  22.137976                      22.137976   103.196313       103.196313               3.968366e+05                   3.968366e+05              3.968366e+05        True eigenvector_centrality\n",
      "       5353 230658142          1     134           0.000658                0.000063  0.000195            6.666079e-11    89.0340        89.0340               89.0340                   89.0340                   5.711496                       5.711496   122.640628       122.640628               1.143800e+07                   1.143800e+07              1.143800e+07        True eigenvector_centrality\n",
      "      67574 339175100         13     127           0.000623                0.000000  0.000178            1.186419e-13    84.3125        84.3125               84.3125                   84.3125                  -0.108496                       0.108496   111.786426       111.786426               2.035651e+04                   2.035651e+04              2.035651e+04        True eigenvector_centrality\n",
      "     141351    102570         36     122           0.000599                0.000387  0.000188            5.184894e-13    80.9400        80.9400               80.9400                   80.9400                  35.377629                      35.377629   117.822509       117.822509               8.896437e+04                   8.896437e+04              8.896437e+04        True eigenvector_centrality\n",
      "     197862   2268197         48     121           0.000594                0.000019  0.000163            1.635468e-13    80.2655        80.2655               80.2655                   80.2655                   1.612602                       1.612602   101.685774       101.685774               2.806152e+04                   2.806152e+04              2.806152e+04        True eigenvector_centrality\n",
      "\n",
      "=== unknown ノード 媒介中心性トップ10 ===\n",
      " node_index      txId  time_step  degree  degree_centrality  betweenness_centrality  pagerank  eigenvector_centrality  degree_rz  degree_abs_rz  degree_centrality_rz  degree_centrality_abs_rz  betweenness_centrality_rz  betweenness_centrality_abs_rz  pagerank_rz  pagerank_abs_rz  eigenvector_centrality_rz  eigenvector_centrality_abs_rz  centrality_outlier_score  is_outlier         outlier_reason\n",
      "      30581 225859042          5     212           0.001040                0.000730  0.000320            9.924643e-09   141.6450       141.6450              141.6450                  141.6450                  66.783291                      66.783291   202.715622       202.715622               1.702921e+09                   1.702921e+09              1.702921e+09        True eigenvector_centrality\n",
      "      60671 234572473         11       3           0.000015                0.000419  0.000006            5.715209e-17     0.6745         0.6745                0.6745                    0.6745                  38.344037                      38.344037     0.826014         0.826014               9.131946e+00                   9.131946e+00              3.834404e+01        True betweenness_centrality\n",
      "      58157   4815021         11       5           0.000025                0.000403  0.000008            9.952414e-15     2.0235         2.0235                2.0235                    2.0235                  36.838478                      36.838478     2.235601         2.235601               1.707011e+03                   1.707011e+03              1.707011e+03        True eigenvector_centrality\n",
      "      51282   2401209         10      19           0.000093                0.000403  0.000027            6.489096e-07    11.4665        11.4665               11.4665                   11.4665                  36.823739                      36.823739    14.456574        14.456574               1.113432e+11                   1.113432e+11              1.113432e+11        True eigenvector_centrality\n",
      "       2603 131942180          1       3           0.000015                0.000389  0.000005            3.988760e-10     0.6745         0.6745                0.6745                    0.6745                  35.559512                      35.559512     0.386212         0.386212               6.844117e+07                   6.844117e+07              6.844117e+07        True eigenvector_centrality\n",
      "        626   6198280          1       4           0.000020                0.000387  0.000007            2.756936e-12     1.3490         1.3490                1.3490                    1.3490                  35.397569                      35.397569     1.717580         1.717580               4.730483e+05                   4.730483e+05              4.730483e+05        True eigenvector_centrality\n",
      "       3358 230405052          1       3           0.000015                0.000387  0.000006            9.723688e-15     0.6745         0.6745                0.6745                    0.6745                  35.388572                      35.388572     0.870596         0.870596               1.667765e+03                   1.667765e+03              1.667765e+03        True eigenvector_centrality\n",
      "       6644 232383564          1       3           0.000015                0.000387  0.000007            5.684780e-16     0.6745         0.6745                0.6745                    0.6745                  35.384074                      35.384074     1.395188         1.395188               9.686785e+01                   9.686785e+01              9.686785e+01        True eigenvector_centrality\n",
      "     141351    102570         36     122           0.000599                0.000387  0.000188            5.184894e-13    80.9400        80.9400               80.9400                   80.9400                  35.377629                      35.377629   117.822509       117.822509               8.896437e+04                   8.896437e+04              8.896437e+04        True eigenvector_centrality\n",
      "        321   3780600          1       2           0.000010                0.000387  0.000004            1.606309e-13     0.0000         0.0000                0.0000                    0.0000                  35.375077                      35.375077    -0.108592         0.108592               2.756118e+04                   2.756118e+04              2.756118e+04        True eigenvector_centrality\n",
      "\n",
      "=== unknown ノード PageRankトップ10 ===\n",
      " node_index      txId  time_step  degree  degree_centrality  betweenness_centrality  pagerank  eigenvector_centrality  degree_rz  degree_abs_rz  degree_centrality_rz  degree_centrality_abs_rz  betweenness_centrality_rz  betweenness_centrality_abs_rz  pagerank_rz  pagerank_abs_rz  eigenvector_centrality_rz  eigenvector_centrality_abs_rz  centrality_outlier_score  is_outlier         outlier_reason\n",
      "      30581 225859042          5     212           0.001040                0.000730  0.000320            9.924643e-09   141.6450       141.6450              141.6450                  141.6450                  66.783291                      66.783291   202.715622       202.715622               1.702921e+09                   1.702921e+09              1.702921e+09        True eigenvector_centrality\n",
      "      61697 234890810         11     199           0.000977                0.000081  0.000271            2.269225e-09   132.8765       132.8765              132.8765                  132.8765                   7.338676                       7.338676   171.327668       171.327668               3.893651e+08                   3.893651e+08              3.893651e+08        True eigenvector_centrality\n",
      "      30513 225711361          5     167           0.000820                0.000383  0.000240            5.109936e-11   111.2925       111.2925              111.2925                  111.2925                  35.000358                      35.000358   151.190933       151.190933               8.767888e+06                   8.767888e+06              8.767888e+06        True eigenvector_centrality\n",
      "      35017 121654821          6     156           0.000766                0.000137  0.000222            1.018666e-11   103.8730       103.8730              103.8730                  103.8730                  12.451413                      12.451413   140.098039       140.098039               1.747878e+06                   1.747878e+06              1.747878e+06        True eigenvector_centrality\n",
      "     129045 355174807         32     143           0.000702                0.000000  0.000209            8.295468e-13    95.1045        95.1045               95.1045                   95.1045                  -0.108496                       0.108496   131.782646       131.782646               1.423372e+05                   1.423372e+05              1.423372e+05        True eigenvector_centrality\n",
      "       5353 230658142          1     134           0.000658                0.000063  0.000195            6.666079e-11    89.0340        89.0340               89.0340                   89.0340                   5.711496                       5.711496   122.640628       122.640628               1.143800e+07                   1.143800e+07              1.143800e+07        True eigenvector_centrality\n",
      "     141351    102570         36     122           0.000599                0.000387  0.000188            5.184894e-13    80.9400        80.9400               80.9400                   80.9400                  35.377629                      35.377629   117.822509       117.822509               8.896437e+04                   8.896437e+04              8.896437e+04        True eigenvector_centrality\n",
      "      67574 339175100         13     127           0.000623                0.000000  0.000178            1.186419e-13    84.3125        84.3125               84.3125                   84.3125                  -0.108496                       0.108496   111.786426       111.786426               2.035651e+04                   2.035651e+04              2.035651e+04        True eigenvector_centrality\n",
      "     142785  70245040         36     134           0.000658                0.000243  0.000165            2.312773e-12    89.0340        89.0340               89.0340                   89.0340                  22.137976                      22.137976   103.196313       103.196313               3.968366e+05                   3.968366e+05              3.968366e+05        True eigenvector_centrality\n",
      "     197862   2268197         48     121           0.000594                0.000019  0.000163            1.635468e-13    80.2655        80.2655               80.2655                   80.2655                   1.612602                       1.612602   101.685774       101.685774               2.806152e+04                   2.806152e+04              2.806152e+04        True eigenvector_centrality\n",
      "\n",
      "=== unknown ノード中心性・外れ値スコアの基本統計 ===\n",
      "              degree  degree_centrality  betweenness_centrality  \\\n",
      "count  157205.000000      157205.000000            1.572050e+05   \n",
      "mean        2.096047           0.000010            1.183636e-06   \n",
      "std         2.528148           0.000012            1.090952e-05   \n",
      "min         1.000000           0.000005            0.000000e+00   \n",
      "25%         1.000000           0.000005            0.000000e+00   \n",
      "50%         2.000000           0.000010            0.000000e+00   \n",
      "75%         2.000000           0.000010            3.926053e-07   \n",
      "max       212.000000           0.001040            7.297574e-04   \n",
      "\n",
      "            pagerank  eigenvector_centrality  centrality_outlier_score  \n",
      "count  157205.000000            1.572050e+05              1.572050e+05  \n",
      "mean        0.000005            8.904363e-06              1.527856e+12  \n",
      "std         0.000003            4.197893e-04              7.202958e+13  \n",
      "min         0.000001            2.180014e-44              3.297806e-02  \n",
      "25%         0.000003            1.687058e-23              6.745000e-01  \n",
      "50%         0.000005            3.930994e-18              1.478600e+00  \n",
      "75%         0.000005            9.625249e-15              1.650875e+03  \n",
      "max         0.000320            4.191441e-02              7.191888e+15  \n",
      "[2026-04-27 20:14:04] [ELAPSED 00:01:04] [END] unknown ノード中心性分析 | phase_elapsed=00:00:51\n",
      "[2026-04-27 20:14:04] [ELAPSED 00:01:04] [START] CSV保存\n",
      "[2026-04-27 20:14:11] [ELAPSED 00:01:11] 全unknownノードCSV保存: unknown_nodes_centrality_with_outlier_score.csv\n",
      "[2026-04-27 20:14:11] [ELAPSED 00:01:11] 外れ値ノードCSV保存: unknown_nodes_outliers_sorted.csv\n",
      "[2026-04-27 20:14:11] [ELAPSED 00:01:11] 外れ値ノード数: 71404\n",
      "[2026-04-27 20:14:11] [ELAPSED 00:01:11] [END] CSV保存 | phase_elapsed=00:00:07\n",
      "[2026-04-27 20:14:11] [ELAPSED 00:01:11] [START] unknown ノード中心性ヒストグラム\n",
      "[2026-04-27 20:14:11] [ELAPSED 00:01:11] ヒストグラム描画中: degree\n"
     ]
    },
    {
     "data": {
